64148
64946
64945
64944
64947
64948
64950
64949
64149
64952
64951
64954
64151
64953
64150
64155
65042
65040
65047
65041
65044
65048
65036
65045
64153
64152
65049
65046
65043
64154
65037
65038
65035
65039
64158
64156
64956
64957
64157
64955
64960
64959
64161
64160
64159
64958
64163
64162
64167
64964
64961
64164
64962
64963
64166
64165
64171
64169
65062
65051
65055
65054
65059
65056
64170
65290
65291
65293
65050
65063
65058
64168
65061
65294
65053
65289
65287
65292
65052
65060
65288
65057
65305
64174
64966
64965
65297
64173
64172
64175
64967
65301
64968
65300
65298
65302
65303
65296
65306
65304
65307
65295
65299
65321
65326
64178
65309
64176
64177
65311
64970
64181
65308
65319
65318
65315
65325
65323
65317
64180
65313
64969
64971
64179
65310
65316
65320
65322
65312
65314
65324
64194
64198
65337
64972
64189
64193
64199
64187
64973
64182
65327
64975
64184
64974
64183
64191
64196
64197
65335
65336
64192
65330
64186
65333
64188
65329
65331
64195
64185
65334
65328
64190
65332
65351
64202
64210
65065
64219
64213
65086
65350
65070
65354
65074
65080
65067
64214
65078
65346
65343
65352
64205
65345
65077
65089
65347
65085
64206
65076
65344
65087
64200
64215
65083
64211
65340
65079
65342
65090
64203
64220
64217
65075
64209
65068
65338
64221
65066
65071
65349
65072
64216
65082
65069
65084
64207
65348
64204
65353
65081
64208
65088
65064
64212
64201
65339
65073
65341
64218
65355
65367
64233
65368
65360
64222
64236
65668
64234
64241
65371
64232
65359
64223
65364
65365
64246
64245
64235
64248
64977
65361
64226
64247
64224
65357
64237
64240
65358
65370
65372
64225
65369
64239
64243
64976
64978
64244
65366
64238
65356
64230
64242
65362
64227
65363
65670
64229
65669
64231
64228
65377
64251
65723
64258
65726
64260
64980
65731
64250
64981
64249
64255
65736
64270
65724
65378
65375
65379
65389
65729
64259
64979
65720
64265
64254
65728
65738
65386
65388
64262
65730
65385
65376
65727
65374
65725
64261
64253
64252
65387
65722
64263
65373
64271
65737
65719
65384
65735
65380
65381
65732
65734
64267
64257
65383
64266
65390
64268
64256
65382
64272
65721
65733
64264
64269
65405
64280
64276
65673
64279
65837
64984
65839
65406
64278
64281
64275
65810
64294
64291
65840
65403
65811
65401
64285
65812
64273
65394
64288
64287
65815
64293
64289
65397
64292
65400
65402
65814
65404
64274
65395
64290
65835
65407
64296
65908
64284
64283
65393
64985
64295
65399
65838
64286
65398
65816
65391
64277
64983
65671
65392
65836
65396
64282
65813
64982
65672
65116
65110
64300
64311
64299
65097
65911
65411
64304
65421
65739
65112
64302
65914
65114
65095
65094
65408
65910
65412
64308
65742
64312
64988
65109
65414
64309
65909
65912
65096
65106
65740
64297
65409
64298
65105
64306
65098
64310
65744
64303
64313
65419
65418
64987
65413
64301
65743
65101
64307
65107
65102
65410
65099
65103
65111
65100
65115
65913
64986
64314
65415
65104
65417
65416
65108
65420
65117
65113
65092
65091
65093
65741
64305
65432
64320
64325
65437
64316
64989
64332
64315
64321
64333
65438
65439
65675
65424
64318
65434
65422
65677
65679
65436
65745
65427
65841
65674
65842
64330
65440
65430
65423
65678
65435
64322
64324
65433
64991
64335
65747
65746
65749
65431
64990
64319
65748
65844
64323
64334
65429
65843
64992
64328
64327
65845
65425
64326
65676
64329
65680
64317
65426
65428
64331
65926
65848
65751
64341
65927
65447
64336
65923
65928
65446
64342
64993
65442
65929
64337
64995
65847
65846
65924
64346
64344
65918
65451
65920
64343
65445
65916
64338
65441
65917
65850
65921
65452
65851
65449
64339
64994
65919
65930
64340
64348
64347
65443
64345
65450
65915
65931
65444
65932
65925
65849
65922
65448
65453
65750
64357
65937
65825
65463
65934
65935
64350
65681
65938
65822
64998
65470
64351
64360
65460
65455
65466
65467
64999
64354
65819
64362
65683
65939
64352
65823
65752
65471
65820
65936
65468
65824
65473
64363
64361
64349
65817
65474
65465
65821
65457
64358
65462
64355
65456
64996
64359
65472
65464
65682
64356
65933
65469
65459
65753
64353
65458
65454
64997
65818
65461
64379
64367
65000
65484
65476
65942
65478
65945
64371
64369
65944
65475
65940
64365
65002
64377
64368
65001
64366
65485
64374
64380
64364
64375
64372
64378
65946
65943
65684
64376
65477
65483
64370
65482
65481
65941
65480
65479
64373
65126
64384
65494
65130
64387
65131
64381
65129
65153
64406
65152
65155
65140
64404
64397
65138
65151
65488
64410
65150
64401
64390
65495
64403
64391
64385
65147
64394
64393
65119
65137
65120
65493
65500
65007
64405
65005
65004
65123
65496
64402
65127
64392
65132
65492
65489
64407
65136
65133
65145
65006
65135
64386
64408
64409
65154
65003
65487
65134
64396
65128
64383
65497
65486
65498
65122
64398
65124
65156
65149
64395
65490
65118
64389
65141
65148
64388
65125
65144
65499
64400
65139
65121
64382
65142
65146
65491
65143
64399
64439
65961
65955
64438
65505
65953
65972
65857
65504
64412
64413
65503
65509
65954
64431
65948
65008
65502
64437
65966
64426
65970
65508
64424
64433
65855
64442
64411
65963
65964
64429
65956
64435
65969
64436
65958
65852
65858
65973
64423
64421
65959
65968
64420
64432
65947
65507
65967
64422
64418
65009
64443
65950
64427
64430
65010
65962
65960
64415
65951
64440
65957
64425
64428
64414
64417
65854
64434
65949
65853
64419
65952
65965
65511
65506
64444
65510
65856
65971
64416
64441
65501
65522
66015
65992
65512
64464
65979
64460
65988
65978
64475
64453
65833
65993
65519
66000
66012
64476
64480
65827
65513
66001
64469
64473
65013
65974
65011
64478
65828
64456
65829
65523
65516
64457
64451
64448
64446
66008
66003
66002
64481
64466
64458
65832
65980
64445
64461
65826
65997
65998
66006
64463
65975
64449
65517
64447
65520
66010
64455
65999
66009
65524
65995
65994
65834
65996
65990
64474
66004
64472
65514
65518
64477
66013
64454
64459
65976
66011
65977
65515
65830
64452
64462
64470
64468
65831
64471
66007
64482
65012
65989
64450
66005
66014
64479
65521
64465
64467
65991
65525
65691
64508
65690
65528
65689
64492
65529
65864
65863
65865
64493
64494
64509
64495
64498
66018
64510
66017
66024
65859
66020
65016
64503
65861
66019
64487
64497
65862
64483
65014
64500
65860
64488
64490
64501
64502
64491
64507
64505
65530
65688
64499
65685
64504
66022
64489
64506
65526
66021
64484
66016
64485
66023
64496
65015
65527
65686
65687
64486
65159
64528
65164
65537
64522
65161
65542
65543
66052
66056
64513
66028
65167
65017
65539
64529
65020
65022
66058
65175
66031
65982
65166
64516
65168
65533
66030
65169
65544
65538
65182
66025
65172
65755
65189
65984
65021
64524
66063
65171
66067
66061
66033
65174
65760
65158
66027
66032
65186
65754
65191
65192
64511
65868
66060
65535
64518
65540
65532
65872
64532
64523
66054
65987
65758
65179
65163
65870
65534
64533
65759
65176
64514
65181
66029
65871
64517
66059
66065
65185
65869
65981
65178
65985
66066
65541
64512
66064
66053
64534
64527
65187
65757
65536
65019
66034
65165
66062
65177
66057
65170
66026
65986
65188
65018
65184
64515
64520
65180
65531
65190
64519
66055
65183
65756
64530
65162
65157
65983
64531
64526
65866
64525
65173
64521
65160
65867
65695
65879
64536
65547
66069
65875
66122
64561
64540
66072
64564
65877
64551
65550
66116
65023
65767
64539
65024
66124
66110
66040
66115
66126
65553
66036
65556
65558
65548
65878
65762
66038
65761
66125
66068
65557
66070
64569
64562
66117
66108
64538
65560
64549
66130
64560
66129
65874
64541
64535
66039
66112
66127
64543
66118
64557
65765
65551
66109
64555
65692
66123
65766
64558
66113
66073
66119
65554
64552
65696
64553
64542
64537
65546
64545
65763
66078
66114
66037
64563
64548
66121
65876
66076
65697
65545
64565
65559
66111
66077
65025
65555
66035
64567
64546
66120
66075
65549
66128
64547
64568
64566
64554
65552
65693
64559
66074
64550
65873
66071
65694
65698
64556
65764
64544
65770
64584
64576
65880
66152
66161
64578
66160
66163
64575
66165
66150
66138
64593
65772
65027
65881
65768
66043
64573
66169
66134
64587
65565
64570
64582
65883
64581
65771
64591
65886
66168
65026
64572
66079
66148
66151
66042
65774
66143
66153
66086
66045
64583
66088
66156
66084
66157
64585
66149
66085
65568
66141
64596
66041
65561
65562
66044
64597
66162
65564
66136
66145
64579
66082
66133
64574
64595
66142
66131
66159
64592
64589
66137
65563
66083
64590
66139
65567
64588
66081
65769
65028
64577
64594
64580
66135
66140
65566
66080
66147
64586
66154
65773
66166
65884
65882
66167
66158
66144
66164
65885
65569
66087
66146
66155
64571
66132
65193
65579
64638
65213
65203
65581
64613
66231
64615
65781
65582
64616
65202
66048
66229
66219
65215
64603
66215
66212
64604
65228
65233
64635
66246
64637
66211
65196
65205
64623
66217
65777
66241
65889
65220
65223
64624
65775
65776
65211
66245
66234
64622
64618
64610
65199
66213
64639
65890
65573
65234
64617
65583
64599
65779
65231
66227
64630
65230
66050
65218
65893
64626
66247
65206
64629
66230
65891
65576
64627
65584
64631
65580
64628
65198
66235
65577
66233
64600
66228
66047
65586
65219
65571
64611
65207
65209
64605
65208
65226
65214
65892
65225
64625
66218
66051
64608
65224
66046
65210
66224
65221
65888
64612
66226
64621
65572
66243
66232
65201
65200
64607
65578
65575
66236
66225
65227
66221
65194
64606
65195
64632
64614
64602
65216
66220
65585
64634
66216
66242
66049
65229
64633
65887
65232
66223
65778
64601
64619
66244
65217
64620
65222
65212
66214
64609
64598
64636
66222
65197
65204
65574
65570
65780
64683
65592
66264
65701
64685
66254
66090
65786
65593
66261
65588
66257
65785
64657
66237
65787
64660
65703
65899
66170
66094
66175
66097
66171
64677
64640
64682
66263
65700
65702
66271
65699
64678
64655
66240
64672
64661
65898
66273
66173
65783
64642
64684
66096
64671
66265
64674
65600
64669
66251
66268
66272
65897
65596
64641
64645
66092
64653
64644
65784
66095
66249
64664
66093
66174
66253
65704
64676
66177
64673
64648
66176
64658
64647
65788
65595
66179
64663
64680
65705
65900
66252
65591
64662
64665
64668
65894
64649
66238
64659
64656
66239
66258
64675
66267
64666
64679
64646
66256
65782
65589
66248
66178
65599
65590
64643
64652
66259
66255
64650
64686
65598
66270
66091
66260
65587
64667
66262
66089
64654
64670
65594
66266
64681
65597
66172
65895
66269
65896
66250
64651
64718
65609
64688
64711
66315
65902
65903
64734
64735
66319
64689
64720
65906
66326
66276
64701
64717
64733
66318
66327
65795
66324
66280
66282
64730
66330
65792
64719
64732
66281
64707
65610
66103
64698
65603
64693
65604
66325
66323
64709
64692
65791
66101
64715
65907
64716
65901
64702
64695
64731
66100
66335
66333
66334
64703
64700
65612
64727
66105
64729
66102
65607
64713
64721
64696
66106
65904
64710
66314
66328
66332
66099
64725
66331
66317
64722
66279
65793
65601
64706
66104
64705
66321
66277
65602
65608
66312
64723
64687
65606
64714
65794
64694
65611
66098
64704
65613
64726
65790
64690
64724
65614
66107
65905
64712
66329
66316
64699
64691
65789
66275
66313
66274
64697
64708
64728
65605
66322
66320
66278
64813
66292
66348
65616
64778
65618
64753
66181
64798
64736
65621
64747
66287
66182
64779
64795
65617
64805
65626
66189
65630
65624
64786
64801
64775
65627
64768
64770
64764
64793
65615
64782
64760
65796
66337
64765
64754
64757
64792
64737
65800
64806
65620
64755
66190
64814
65798
66187
64762
64785
66194
65625
64763
66341
64742
64761
66188
64804
64781
66288
65619
65801
64780
64777
66336
65623
64748
64772
64787
64752
64789
64809
65632
64745
64749
66289
66185
66285
64744
66180
64797
65629
66284
66191
65628
66345
66343
64800
66338
64783
64767
64774
64739
66347
64750
64759
64776
66186
64784
64794
64766
64812
64769
66340
66346
65631
64741
64790
66283
64808
64796
64740
64751
65799
65797
64773
66342
66349
64811
64743
64771
64799
65802
66184
64788
66286
64802
66344
66195
66183
66290
65633
64756
66192
66291
66193
64791
64746
64738
64807
66339
65622
64758
64803
64810
64827
66363
65258
65269
65807
65242
65809
66365
64829
65240
65243
64823
64837
64835
64842
65268
66367
66295
66353
65282
65639
64833
66298
65260
65264
64851
64817
65638
65808
65635
66293
64815
64819
65029
64832
65277
64854
65261
66354
64852
65266
64846
65280
64820
65286
65640
66300
65265
65248
64840
65804
64816
65237
64828
65803
66358
65235
65245
66350
65257
65281
66373
65031
64845
66371
65283
64841
64818
66294
64855
66299
66357
65271
66296
66361
66297
65241
65254
64822
65238
65256
64836
65250
65267
64825
66359
66360
64830
64850
65253
65239
66366
65285
65642
65255
65276
65278
64847
65279
65244
66369
65272
64844
65251
66364
64848
65805
64821
64853
65273
65275
66352
65236
66362
65641
66368
65259
65634
64856
66370
65252
65249
66356
65030
65262
64839
65274
66372
66351
65246
64849
65284
65636
64834
65270
64826
66301
65637
65806
65263
65247
64824
66302
64831
64838
64843
66355
65708
66204
65707
64867
65706
65033
66206
66198
64913
64884
64876
64890
65716
64871
66305
66199
65650
66196
66379
64906
66380
66201
65646
64860
66209
66374
64915
66304
64904
64866
64897
64857
65656
64912
64878
64907
66203
66383
64901
64910
64880
65718
66200
64914
64902
64899
65647
64885
66306
64864
65645
65713
64905
65648
64865
66310
66375
64917
65651
66197
66381
65653
65652
66378
66303
66208
66384
64896
64868
64889
65034
64900
64882
66202
64881
64886
65643
66382
64894
64891
64893
64858
64873
64911
66210
64875
64892
64888
66309
66311
65710
65644
64895
64869
66307
64883
64879
65715
65649
64877
64859
64862
64887
64872
66386
65711
65714
64861
66376
64870
64908
65032
65709
64909
64898
66377
65655
64903
66385
64916
64863
65654
65717
66308
66205
66207
65712
64874
65666
221083
222857
64925
208811
223018
64940
214634
64926
211824
209339
221337
224556
64942
214742
217978
65657
212452
64919
216929
64929
64931
64921
217811
223542
64941
65665
211364
218250
209582
226364
65659
64920
64922
64930
211678
224231
209768
226359
211244
212020
65658
214852
64937
209297
208835
211860
226354
65667
209027
65660
215449
64924
64932
225959
64935
223335
66387
224227
209733
212253
213080
64939
215134
226390
217116
217648
226358
217810
220935
226352
65661
216591
211579
64918
214921
224044
64938
64923
211425
226356
217979
217647
213288
226365
65662
217481
64933
215286
216271
64928
226315
223902
226355
223634
64936
216669
65663
212795
65664
64943
64934
226353
223334
225437
226366
64927
239912
239905
259388
226381
236809
239915
264071
264069
239919
249213
249749
236595
238189
239903
225253
249745
238175
257771
239913
264066
238191
225171
249759
249741
256607
226393
259793
238213
238211
264076
238208
249204
251490
249751
238179
226386
240777
249746
249754
249750
258008
226382
239916
257770
249748
237222
249205
249755
237568
249207
247827
238178
236520
226380
259390
238188
226384
249758
238196
249206
264068
226375
239904
249747
239918
247359
249757
251489
249379
226376
238174
249378
251480
225245
225249
238197
247828
249740
238198
238173
249756
226385
249742
251481
257769
226391
238193
239907
238190
226383
256608
253016
226377
258007
259385
253018
247361
225250
256610
238210
238170
249753
258006
264070
256606
259389
249752
238177
226392
239910
225246
237571
238200
238215
244511
249214
253010
239917
235831
249203
256665
251470
251469
257470
225252
249380
264075
256612
238169
225251
239908
225248
238209
249739
244510
259391
225254
257772
238199
236358
238194
237574
226378
256614
256615
249744
239911
247363
225247
239902
247360
255961
249212
236963
249743
259384
226379
238176
249211
238214
291347
267386
296586
299006
317578
247481
293071
247494
274778
247478
258472
293483
293077
300487
247490
247499
275756
258476
247488
258471
247486
275789
247501
258474
247468
282688
317579
291219
249228
251495
293078
273229
267391
247479
293072
313992
249229
267708
293482
258473
300427
247506
267706
267715
299008
251494
247473
258466
247476
247470
267385
267381
300486
297802
247462
291346
274779
297794
247505
291221
297801
297798
296685
273231
251491
267710
293505
313993
267384
247460
299007
298798
289107
247465
258467
247496
267392
296687
267383
275754
247474
250670
247500
293504
289108
247491
291220
267378
247484
291217
251492
247471
267393
300426
289110
295785
247475
247464
299010
267388
247480
297803
247502
247498
291218
247487
317580
298797
249238
300428
249232
297805
247477
267709
282689
297793
273228
247469
267712
247503
296587
295784
247457
313994
297804
247507
249233
295786
297797
249239
249240
247493
267707
247459
250668
299009
267713
247463
247482
247492
250671
247483
295787
247458
247489
247467
249234
267389
297795
293076
247504
273230
273232
249235
267390
251493
295788
267380
247497
275757
249241
267382
274777
267387
250669
295792
249236
298796
297796
291345
247472
247461
247495
247485
300488
258475
297799
258465
275755
249230
249231
317581
296566
258477
293506
293481
251496
250672
249237
247466
267379
319135
336202
335357
336201
291359
291360
343732
300440
375461
325578
291363
319146
366341
345470
300438
349903
361756
325804
300441
375456
291368
323951
361044
361045
335346
325802
343736
325556
325572
375460
335354
319143
335356
319136
319147
361757
349901
325574
361047
291364
323949
291371
325583
374059
319145
325575
345471
291365
335635
335348
360800
298807
325569
325801
319144
343761
335634
361043
336204
296918
343763
335633
325570
349904
325800
323950
319134
296905
296917
291361
350348
354117
335349
291370
325580
335353
298805
291369
349902
296907
291366
291372
350349
325803
325581
325579
291362
325555
335347
300437
298806
343760
345468
335355
343762
361046
374061
325554
325568
343759
343734
296915
335352
296904
298808
343733
325582
296916
335358
360801
296908
375457
296914
325576
366709
374060
375462
335350
345469
335351
314670
361755
298809
300439
291367
296906
415283
430508
415278
377315
410337
351687
351693
392618
350045
403380
366627
351685
408627
350480
416241
386533
403382
351691
366711
386531
366623
351689
378759
408622
426219
385026
352667
350481
387566
386534
350047
350049
422628
426721
378755
351692
366626
390251
390252
403373
410339
416238
430887
378757
420994
350046
410341
378758
409070
403371
415280
385027
366624
378756
350048
415172
415279
377314
352665
352669
392620
386530
383275
415162
415277
385024
408623
422630
380716
415282
387567
392616
390205
415276
387568
385025
401075
424849
415275
352666
366625
350477
415173
415281
390253
422629
415285
390226
392617
385751
366713
390204
366710
422626
430889
403374
351684
350479
377316
390221
377313
416239
385750
430886
366712
351690
378753
410340
416237
390227
416236
350044
403383
351688
350043
410338
352668
415273
424851
415287
426722
378754
350478
390219
430890
350042
430509
415284
401073
403372
386532
403370
426720
408624
426217
415286
385023
380715
410557
403381
408621
351686
430888
392619
415274
424852
422627
416240
385749
401074
406195
456664
452148
452150
434264
455235
450371
456663
426404
434262
476596
439142
450378
426432
463143
463145
467884
476599
450387
423783
450373
450380
446957
426405
441783
450106
406206
439149
434259
423785
464717
426388
406204
450498
452152
464720
423784
464529
450383
450501
441781
476598
467883
426390
434263
441780
450377
426420
467887
473315
450375
423795
450370
467886
442232
439144
426428
455237
441827
434258
455233
426431
461569
450386
406202
406193
474454
450385
476600
464724
486520
470626
470624
461566
426421
426389
456662
426391
456668
439140
450376
426406
474453
441828
474455
439150
470625
450372
426422
461568
450107
406192
439151
426430
406205
423794
456665
439143
452146
455232
456666
452151
450382
446958
455234
439148
455231
461570
423791
426384
426387
441782
423793
452149
423792
406194
486523
439147
450384
467885
406203
434260
450381
448370
448369
426403
486526
464723
452147
461567
446959
455236
426429
406196
434261
450374
463144
450379
450105
439141
441829
486522
506207
433562
473923
521222
446966
531985
521218
433575
489215
489223
531983
446968
433579
433602
489217
503365
433592
489224
518202
433563
446964
446962
522248
433594
536933
473926
433572
527014
433586
516210
463152
489222
489213
433599
433568
433604
521221
433593
523482
523804
489216
530427
433574
433597
433598
463151
516206
433571
433566
522249
474468
433577
530430
507995
463153
523732
433581
433589
514026
433582
527016
446965
433564
518203
433600
489214
522246
531984
522250
521219
473927
473928
433605
536932
433561
433588
489221
433584
474478
504779
516207
433603
507996
514025
463154
446967
433565
538070
530429
474469
474479
433595
474471
433585
473924
433558
464991
474477
516208
538071
536930
506208
446963
504778
474481
433580
521220
464992
433601
530428
433570
433591
433569
464990
523734
433606
474480
474467
433567
433576
474470
523733
433578
522247
536929
489225
463150
433573
516209
536931
503364
433560
527015
530431
433559
483126
433596
473925
503363
538069
433587
433583
523805
523483
433590
514027
560927
518970
534210
534209
587472
587475
518961
520600
535798
534214
582190
518957
518965
587474
518969
534215
560923
534218
543882
543888
535797
534232
562442
543889
540169
535795
564782
520601
571145
587473
562439
534231
514035
535796
555894
582191
514036
540172
518963
534228
514038
518956
589308
535800
543881
582188
564783
560926
531633
520593
560925
531634
518967
564781
571147
534216
540170
514037
518962
520594
564785
518964
562443
540171
518959
545656
518960
564784
535794
571146
518966
571947
514039
582189
534230
534229
540168
534219
531631
587471
518958
531632
520592
518968
562441
535799
520602
555892
562440
560924
601077
578619
565813
623574
597924
649093
685735
597923
657637
567360
578622
589309
668963
657643
668961
601613
578614
676529
566940
685731
565816
597928
566947
578620
659549
648655
597929
573024
593983
643667
578623
569241
660841
569242
567371
592271
631136
635655
647249
623575
602475
566944
593985
647255
578618
661685
565815
578624
623573
592270
566924
573014
566925
635656
647261
573018
645639
566939
645643
573022
578617
645635
597925
668953
648653
566943
635653
602474
597926
592266
643665
573025
567372
661893
657639
578625
565812
631139
635654
566923
668965
645637
567370
569240
578616
573016
578615
567359
657641
573023
592267
649095
660827
649099
645641
643677
602476
567368
647253
657645
565814
593984
567358
676531
649091
676533
660837
635657
566945
647259
659551
661891
601612
660825
647251
648651
589310
649097
567369
602761
631138
668957
659553
573017
573026
597927
631137
566946
668955
578621
643669
643675
685733
573015
566942
566948
710299
710301
636161
792297
745161
661693
730287
696733
710305
745163
791633
745159
710311
736453
730085
710291
742621
754727
750667
727935
750663
750673
742619
736443
744681
667729
750671
636534
661689
736511
760787
667897
736439
710307
636533
636535
736449
742623
803801
690357
667889
667891
736497
667895
756035
730289
736437
760789
710303
696747
754729
754731
636162
749773
803799
754723
636163
667647
667645
730087
736455
702139
736447
727939
727921
760791
754725
667723
770123
736503
750669
696759
770121
696763
661691
727937
730083
750675
792289
690359
690355
667641
736445
749775
750665
742625
742627
706767
710297
636160
710295
792293
792291
727919
803795
696731
667727
760795
756041
791635
736441
684679
770127
749771
756039
667725
667649
710309
744679
727923
736451
756037
636159
667643
730291
710293
792295
667893
803797
760793
744683
858485
868727
656399
743977
902645
656467
656403
656417
902647
914209
656473
754755
656409
754761
868731
894291
870733
870735
656481
656471
860273
860275
919617
810827
656437
894289
817211
656427
914207
860277
656455
858489
902641
860271
656423
919609
656433
919613
656421
743947
656401
915781
722347
743985
914211
656447
931394
858487
656469
743943
903593
656459
656491
656443
656495
656475
656465
656461
743945
656407
919607
656477
656457
754751
722341
743951
656429
754749
656413
931392
810831
749795
656431
656451
860269
903599
749783
749791
656449
656493
722345
903595
722339
812645
656453
870731
885967
911049
749781
656483
743979
885959
902643
656487
915777
903597
749787
903601
848845
812623
848843
919615
894287
656445
931390
656439
817209
924631
754753
760889
810833
915779
656485
749797
656489
656479
743981
656463
953335
817207
749789
743973
924635
924627
656441
754759
868729
885965
743949
656435
656425
810829
953337
656405
911051
848847
749785
749793
656415
919611
924633
722343
743983
924629
754757
656411
913655
1029819
997961
1050225
1007653
995463
1003273
1059715
1030219
997993
913649
800473
913621
936143
1007651
914215
1026847
913659
800469
1030225
1001375
1059712
997965
952183
1051297
1059710
932855
1059711
995465
1004283
914213
932865
997963
1029823
953339
913629
932853
914265
913631
1026851
932863
1051301
913623
997967
995457
936133
1059714
1019975
1030227
936131
914235
913657
1026849
914233
936137
1029821
1051299
995459
914231
932861
936141
1050223
800477
932857
1059716
936135
1003271
895807
913619
936139
913661
800471
914227
913653
932859
932867
800475
997995
953341
932851
913627
1004285
1001373
895813
913625
895809
1019973
1030223
895815
1050227
953343
895811
932849
1007649
1030221
1059713
1001371
1019977
995461
1020035
936167
1022355
1077950
1109608
1040491
1022353
1098210
1022365
1120288
1031425
1033363
1000893
1020039
1033361
1126323
1089781
1022351
1040497
1031667
1022347
1119500
1098209
1079248
1115796
1109607
1098208
1105005
1089780
1105006
1040495
1125472
1080631
1031429
1077949
1098206
1029003
1020013
936163
1029001
1089183
1022349
1075504
1022363
1098207
1109609
1124089
1120287
1104482
1120090
1078659
1040493
1068737
1083448
1000895
1000891
1075506
1031671
1080630
1104481
1089420
1022375
1000889
1124090
1022369
1022361
1040499
1104479
1022357
1020037
1000887
1022371
1033367
1033371
1068736
1109606
1022359
1078661
1034821
1104480
1120289
1125474
1079249
1089779
1120290
1077951
1119496
1020033
1120286
1115795
1034823
1122726
1027315
1079246
1120091
1027317
1031427
1125473
1109605
1083447
1089419
1119497
1122727
936165
1020017
1115797
1031675
1034819
1075505
1033365
1122728
1020031
1022373
1126321
1083446
1078660
1031669
1079250
1033369
1022367
1119499
1120092
936159
1027319
1104478
1031673
936161
1119498
1079247
1115775
1072311
1133015
1133031
1130738
1157757
1134037
1157380
1119541
1153250
1134033
1144147
1119547
1144986
1153253
1134035
1133022
1134540
1140382
1122284
1119548
1150147
1142923
1153247
1133027
1122283
1115777
1115803
1140381
1133017
1142588
1115806
1153251
1130739
1072314
1130741
1157379
1134036
1153635
1131276
1142586
1142584
1115776
1150146
1133030
1146720
1115779
1133010
1153255
1133003
1142922
1144146
1131277
1144987
1142585
1142920
1115778
1130740
1124639
1157754
1153314
1134034
1133029
1133018
1133025
1115804
1131274
1130743
1072313
1122280
1157378
1115802
1133023
1122281
1151834
1140379
1133026
1115805
1133028
1133005
1153248
1153637
1140383
1146722
1142921
1130742
1133007
1119540
1144148
1133002
1133019
1151835
1153636
1153315
1130737
1140380
1157755
1133004
1153243
1072310
1119539
1133001
1131279
1153249
1153245
1153316
1150148
1133009
1146721
1122279
1144988
1119546
1157756
1122282
1154649
1153246
1157758
1153254
1131278
1119537
1153252
1119538
1072312
1142924
1131275
1142587
1153244
1133012
1199228
1144497
1152841
1199230
1206063
1198488
1144518
1188624
1144999
1193505
1144171
1144524
1144505
1144514
1153842
1170456
1144169
1144494
1168242
1144527
1168116
1168508
1198487
1144506
1144520
1168117
1169332
1144525
1152845
1144509
1144997
1174844
1187023
1144502
1188378
1144528
1199225
1168244
1179275
1144170
1199229
1144489
1152844
1168119
1206059
1174845
1196673
1168509
1144491
1153840
1144496
1174242
1193506
1144485
1196670
1153694
1144510
1144484
1144158
1206062
1170454
1152842
1158070
1206064
1144508
1168118
1199226
1174239
1144529
1144511
1179272
1144487
1144160
1153845
1144483
1144495
1144522
1179274
1174241
1196675
1168245
1168517
1153846
1168511
1144492
1161014
1196674
1187021
1168246
1144512
1153693
1144156
1168243
1144159
1193498
1168518
1144523
1193504
1196671
1206060
1144168
1179273
1144998
1168514
1168519
1144530
1144516
1144513
1168513
1188625
1168512
1144517
1144521
1158067
1153692
1170455
1144519
1187022
1158066
1158069
1144157
1196672
1153695
1174240
1144486
1144499
1168515
1144507
1144167
1153844
1144503
1153691
1152843
1158068
1153841
1174238
1188377
1199227
1193497
1169330
1168516
1144490
1168115
1144515
1144526
1193499
1144501
1144488
1188626
1144504
1223956
1187682
1183537
1215126
1211169
1203673
1223957
1211173
1185321
1233462
1233463
1223955
1185311
1187028
1215125
1198238
1187683
1187027
1215127
1233461
1213872
1198247
1198239
1211171
1214668
1214669
1203674
1187684
1185310
1198248
1215124
1211170
1215123
1203675
1214667
1187029
1213873
1215122
1198249
1185312
1213871
1185320
1198240
1185319
1271627
1263163
1276295
1290881
1251964
1243393
1262755
1251952
1275252
1272379
1272380
1275257
1290882
1252069
1251574
1239534
1276294
1252070
1271628
1251951
1275259
1272381
1233978
1267677
1243394
1263162
1239535
1239536
1262757
1275251
1262756
1275260
1252071
1244013
1271629
1244525
1262344
1239539
1267679
1233977
1262347
1251962
1275253
1277073
1239538
1276296
1244524
1233976
1275249
1239537
1251963
1275255
1275258
1251572
1244014
1251950
1244023
1262346
1267678
1275254
1260084
1275250
1244024
1251573
1276293
1275256
1243395
1244015
1260085
1244022
1263161
