64148
64946
64945
64944
64947
64948
64950
64949
64149
64952
64951
64954
64151
64953
64150
64155
65042
65040
65047
65041
65044
65048
65036
65045
64153
64152
65049
65046
65043
64154
65037
65038
65035
65039
64158
64156
64956
64957
64157
64955
64960
64959
64161
64160
64159
64958
64163
64162
64167
64964
64961
64164
64962
64963
64166
64165
64171
64169
65062
65051
65055
65054
65059
65056
64170
65290
65291
65293
65050
65063
65058
64168
65061
65294
65053
65289
65287
65292
65052
65060
65288
65057
65305
64174
64966
64965
65297
64173
64172
64175
64967
65301
64968
65300
65298
65302
65303
65296
65306
65304
65307
65295
65299
65321
65326
64178
65309
64176
64177
65311
64970
64181
65308
65319
65318
65315
65325
65323
65317
64180
65313
64969
64971
64179
65310
65316
65320
65322
65312
65314
65324
64194
64198
65337
64972
64189
64193
64199
64187
64973
64182
65327
64975
64184
64974
64183
64191
64196
64197
65335
65336
64192
65330
64186
65333
64188
65329
65331
64195
64185
65334
65328
64190
65332
65351
64202
64210
65065
64219
64213
65086
65350
65070
65354
65074
65080
65067
64214
65078
65346
65343
65352
64205
65345
65077
65089
65347
65085
64206
65076
65344
65087
64200
64215
65083
64211
65340
65079
65342
65090
64203
64220
64217
65075
64209
65068
65338
64221
65066
65071
65349
65072
64216
65082
65069
65084
64207
65348
64204
65353
65081
64208
65088
65064
64212
64201
65339
65073
65341
64218
65355
65367
64233
65368
65360
64222
64236
65668
64234
64241
65371
64232
65359
64223
65364
65365
64246
64245
64235
64248
64977
65361
64226
64247
64224
65357
64237
64240
65358
65370
65372
64225
65369
64239
64243
64976
64978
64244
65366
64238
65356
64230
64242
65362
64227
65363
65670
64229
65669
64231
64228
65377
64251
65723
64258
65726
64260
64980
65731
64250
64981
64249
64255
65736
64270
65724
65378
65375
65379
65389
65729
64259
64979
65720
64265
64254
65728
65738
65386
65388
64262
65730
65385
65376
65727
65374
65725
64261
64253
64252
65387
65722
64263
65373
64271
65737
65719
65384
65735
65380
65381
65732
65734
64267
64257
65383
64266
65390
64268
64256
65382
64272
65721
65733
64264
64269
65405
64280
64276
65673
64279
65837
64984
65839
65406
64278
64281
64275
65810
64294
64291
65840
65403
65811
65401
64285
65812
64273
65394
64288
64287
65815
64293
64289
65397
64292
65400
65402
65814
65404
64274
65395
64290
65835
65407
64296
65908
64284
64283
65393
64985
64295
65399
65838
64286
65398
65816
65391
64277
64983
65671
65392
65836
65396
64282
65813
64982
65672
65116
65110
64300
64311
64299
65097
65911
65411
64304
65421
65739
65112
64302
65914
65114
65095
65094
65408
65910
65412
64308
65742
64312
64988
65109
65414
64309
65909
65912
65096
65106
65740
64297
65409
64298
65105
64306
65098
64310
65744
64303
64313
65419
65418
64987
65413
64301
65743
65101
64307
65107
65102
65410
65099
65103
65111
65100
65115
65913
64986
64314
65415
65104
65417
65416
65108
65420
65117
65113
65092
65091
65093
65741
64305
65432
64320
64325
65437
64316
64989
64332
64315
64321
64333
65438
65439
65675
65424
64318
65434
65422
65677
65679
65436
65745
65427
65841
65674
65842
64330
65440
65430
65423
65678
65435
64322
64324
65433
64991
64335
65747
65746
65749
65431
64990
64319
65748
65844
64323
64334
65429
65843
64992
64328
64327
65845
65425
64326
65676
64329
65680
64317
65426
65428
64331
65926
65848
65751
64341
65927
65447
64336
65923
65928
65446
64342
64993
65442
65929
64337
64995
65847
65846
65924
64346
64344
65918
65451
65920
64343
65445
65916
64338
65441
65917
65850
65921
65452
65851
65449
64339
64994
65919
65930
64340
64348
64347
65443
64345
65450
65915
65931
65444
65932
65925
65849
65922
65448
65453
65750
64357
65937
65825
65463
65934
65935
64350
65681
65938
65822
64998
65470
64351
64360
65460
65455
65466
65467
64999
64354
65819
64362
65683
65939
64352
65823
65752
65471
65820
65936
65468
65824
65473
64363
64361
64349
65817
65474
65465
65821
65457
64358
65462
64355
65456
64996
64359
65472
65464
65682
64356
65933
65469
65459
65753
64353
65458
65454
64997
65818
65461
64379
64367
65000
65484
65476
65942
65478
65945
64371
64369
65944
65475
65940
64365
65002
64377
64368
65001
64366
65485
64374
64380
64364
64375
64372
64378
65946
65943
65684
64376
65477
65483
64370
65482
65481
65941
65480
65479
64373
65126
64384
65494
65130
64387
65131
64381
65129
65153
64406
65152
65155
65140
64404
64397
65138
65151
65488
64410
65150
64401
64390
65495
64403
64391
64385
65147
64394
64393
65119
65137
65120
65493
65500
65007
64405
65005
65004
65123
65496
64402
65127
64392
65132
65492
65489
64407
65136
65133
65145
65006
65135
64386
64408
64409
65154
65003
65487
65134
64396
65128
64383
65497
65486
65498
65122
64398
65124
65156
65149
64395
65490
65118
64389
65141
65148
64388
65125
65144
65499
64400
65139
65121
64382
65142
65146
65491
65143
64399
64439
65961
65955
64438
65505
65953
65972
65857
65504
64412
64413
65503
65509
65954
64431
65948
65008
65502
64437
65966
64426
65970
65508
64424
64433
65855
64442
64411
65963
65964
64429
65956
64435
65969
64436
65958
65852
65858
65973
64423
64421
65959
65968
64420
64432
65947
65507
65967
64422
64418
65009
64443
65950
64427
64430
65010
65962
65960
64415
65951
64440
65957
64425
64428
64414
64417
65854
64434
65949
65853
64419
65952
65965
65511
65506
64444
65510
65856
65971
64416
64441
65501
65522
66015
65992
65512
64464
65979
64460
65988
65978
64475
64453
65833
65993
65519
66000
66012
64476
64480
65827
65513
66001
64469
64473
65013
65974
65011
64478
65828
64456
65829
65523
65516
64457
64451
64448
64446
66008
66003
66002
64481
64466
64458
65832
65980
64445
64461
65826
65997
65998
66006
64463
65975
64449
65517
64447
65520
66010
64455
65999
66009
65524
65995
65994
65834
65996
65990
64474
66004
64472
65514
65518
64477
66013
